[entrance.jpg]
filters=finetune2=1,0.000000,0.000000,0.000000,ffe3e5c8,0.000000;finetune2=1,0.000000,0.000000,0.000000,fff5f7e9,0.000000;bw=1;CrossProcess=1,0.000000;
moddate=00004e2f34cd0000
width=1296
height=968
textactive=0
